#sample data provided by experimental measures
5.00 2.59
5.00 2.60
5.00 2.59
6.00 3.16
6.00 2.98
6.00 2.98
7.00 2.80
7.00 2.80
7.00 2.81
8.00 2.65
8.00 2.65
8.00 2.66
9.00 2.33
9.00 2.48
9.00 2.34
10.00 2.01
10.00 2.02
10.00 2.02
11.00 1.89
11.00 1.86
11.00 1.85
12.00 1.68
12.00 1.70
12.00 1.67
13.00 1.57
13.00 1.56
13.00 1.57
14.00 1.42
14.00 1.46
14.00 1.47
15.00 1.34
15.00 1.32
15.00 1.44
16.00 1.34
16.00 1.41
16.00 1.34
17.00 1.15
17.00 1.15
17.00 1.16
18.00 1.11
18.00 1.23
18.00 1.11
19.00 1.01
19.00 1.02
19.00 1.05
20.00 0.94
20.00 1.00
20.00 1.00
25.00 0.74
25.00 0.87
25.00 0.74
30.00 0.59
30.00 0.58
30.00 0.58
35.00 0.48
35.00 0.49
35.00 0.48
40.00 0.41
40.00 0.53
40.00 0.40
50.00 0.18
50.00 0.26
50.00 0.27
50.00 0.27
50.00 0.30
60.00 0.18
60.00 0.18
60.00 0.18
60.00 0.18
60.00 0.18
70.00 0.15
70.00 0.08
70.00 0.08
70.00 0.07
70.00 0.08
80.00 0.16
80.00 0.31
80.00 0.37
80.00 0.44
80.00 0.40

5.00 3.00
5.00 3.02
5.00 3.02
5.00 3.01
5.00 3.00
6.00 2.94
6.00 2.96
6.00 2.93
6.00 2.99
6.00 2.94
7.00 2.73
7.00 2.71
7.00 2.72
7.00 2.73
7.00 2.71
8.00 2.41
8.00 2.42
8.00 2.41
8.00 2.41
8.00 2.48
9.00 2.21
9.00 2.30
9.00 2.21
9.00 2.19
9.00 2.20
10.00 2.00
10.00 1.98
10.00 2.00
10.00 1.98
10.00 1.98
11.00 1.76
11.00 1.78
11.00 1.76
11.00 1.76
11.00 1.76
12.00 1.61
12.00 1.61
12.00 1.56
12.00 1.75
12.00 1.61
13.00 1.44
13.00 1.37
13.00 1.48
13.00 1.44
13.00 1.44
14.00 1.36
14.00 1.39
14.00 1.47
14.00 1.36
14.00 1.34
15.00 1.24
15.00 1.21
15.00 1.21
15.00 1.21
15.00 1.25
16.00 1.13
16.00 1.13
16.00 1.13
16.00 1.14
16.00 1.13
17.00 1.06
17.00 1.10
17.00 1.05
17.00 1.06
17.00 1.06
18.00 0.96
18.00 0.97
18.00 0.96
18.00 0.96
18.00 0.96
19.00 0.90
19.00 0.90
19.00 0.90
19.00 0.90
19.00 0.86
20.00 0.88
20.00 0.88
20.00 0.88
20.00 0.88
20.00 0.88
25.00 0.64
25.00 0.60
25.00 0.60
25.00 0.60
25.00 0.60
30.00 0.56
30.00 0.58
30.00 0.56
30.00 0.56
30.00 0.56
35.00 0.44
35.00 0.55
35.00 0.43
35.00 0.42
35.00 0.43
40.00 0.45
40.00 0.42
40.00 0.42
40.00 0.35
40.00 0.46
50.00 0.36
50.00 0.35
50.00 0.31
50.00 0.34
50.00 0.36
50.00 0.34
50.00 0.34
60.00 0.16
60.00 0.16
60.00 0.16
60.00 0.16
60.00 0.16
60.00 0.16
60.00 0.16
70.00 0.12
70.00 0.12
70.00 0.12
70.00 0.12
70.00 0.12
70.00 0.12
70.00 0.12
80.00 0.31
80.00 0.29
80.00 0.28
80.00 0.29
80.00 0.28
80.00 0.28
80.00 0.27
